40000 -4,475
40500 -4,398275
41000 -4,3246
41500 -4,253975
42000 -4,1864
42500 -4,121875
43000 -4,0604
43500 -4,001975
44000 -3,9466
44500 -3,894275
45000 -3,845
45500 -3,798775
46000 -3,7556
46500 -3,715475
47000 -3,6784
47500 -3,644375
48000 -3,6134
48500 -3,585475
49000 -3,5606
49500 -3,538775
50000 -3,52
50500 -3,504275
51000 -3,4916
51500 -3,481975
52000 -3,4754
52500 -3,471875
53000 -3,4714
53500 -3,473975
54000 -3,4796
54500 -3,488275
55000 -3,5
55500 -3,514775
56000 -3,5326
56500 -3,553475
57000 -3,5774
57500 -3,604375
58000 -3,6344
58500 -3,667475
59000 -3,7036
59500 -3,742775
60000 -3,785
60500 -3,830275
61000 -3,8786
61500 -3,929975
62000 -3,9844
62500 -4,041875
63000 -4,1024
63500 -4,165975
64000 -4,2326
64500 -4,302275
65000 -4,375
65500 -4,450775
66000 -4,5296
66500 -4,611475
67000 -4,6964
67500 -4,784375
68000 -4,8754
68500 -4,969475
69000 -5,0666
69500 -5,166775
70000 -5,27
